# Andrassy 2022 (A&A 659 A193) idealized O-shell convection IC
# 2D slab for cart_ale2, y ∈ [1, 3], Lx = 2.0
# Variable-g in original paper; this slab uses mean g = 0.875690
# γ_eos = 1.6666666666666667, piecewise effective d ln p/d ln ρ: 1.667→1.300 at y=2
# μ: 1.848 (conv) → 1.802 (stable) via η₁ ramp
# Heating: q̇₀=3.795720e-04, L_tot=1.208215e-04, y∈[1.0, 1.125]
# Ly_cm Lx_cm g_y gamma rho_top P_top T_top mu
2.0000000000e+00 2.0000000000e+00 8.7568955454e-01 1.6666666667e+00 4.3137519468e-02 6.1956999794e-03 2.5881533061e-01 1.8480000000e+00
# y_cm rho P T g_y(optional) qdot(optional)
0.0000000000e+00 1.0000000000e+00 6.0000000000e-01 1.1088000000e+00 0.0000000000e+00 0.0000000000e+00
3.9062500000e-03 9.9992977245e-01 5.9992977409e-01 1.1087480872e+00 5.3588492715e-02 3.7204561989e-05
7.8125000000e-03 9.9945309787e-01 5.9945319757e-01 1.1083956931e+00 2.0519708338e-01 7.4050823708e-05
1.1718750000e-02 9.9823087957e-01 5.9823192303e-01 1.1074918803e+00 4.3039748693e-01 1.1018393551e-04
1.5625000000e-02 9.9604312102e-01 5.9604834228e-01 1.1058731427e+00 6.9385674461e-01 1.4525591579e-04
1.9531250000e-02 9.9282153940e-01 5.9283872990e-01 1.1034873131e+00 9.5479167584e-01 1.7892900219e-04
2.3437500000e-02 9.8865842905e-01 5.8870136036e-01 1.1004003830e+00 1.1731959971e+00 2.1087890449e-04
2.7343750000e-02 9.8379054890e-01 5.8387828960e-01 1.0967853680e+00 1.3158903071e+00 2.4079792766e-04
3.1250000000e-02 9.7856093959e-01 5.7871451830e-01 1.0928950733e+00 1.3614810040e+00 2.6839793515e-04
3.5156250000e-02 9.7329812890e-01 5.7353650368e-01 1.0889730775e+00 1.3550619559e+00 2.9341312380e-04
3.9062500000e-02 9.6806948631e-01 5.6841055765e-01 1.0850695383e+00 1.3486971787e+00 3.1560258368e-04
4.2968750000e-02 9.6287468744e-01 5.6333603608e-01 1.0811842997e+00 1.3423860122e+00 3.3475261815e-04
4.6875000000e-02 9.5771341218e-01 5.5831230485e-01 1.0773172081e+00 1.3361278064e+00 3.5067880191e-04
5.0781250000e-02 9.5258534460e-01 5.5333873957e-01 1.0734681113e+00 1.3299219219e+00 3.6322775711e-04
5.4687500000e-02 9.4749017287e-01 5.4841472547e-01 1.0696368592e+00 1.3237677291e+00 3.7227863045e-04
5.8593750000e-02 9.4242758924e-01 5.4353965719e-01 1.0658233035e+00 1.3176646084e+00 3.7774425707e-04
6.2500000000e-02 9.3739728990e-01 5.3871293859e-01 1.0620272976e+00 1.3116119498e+00 3.7957200000e-04
6.6406250000e-02 9.3239897497e-01 5.3393398263e-01 1.0582486965e+00 1.3056091529e+00 3.7774425707e-04
7.0312500000e-02 9.2743234844e-01 5.2920221112e-01 1.0544873573e+00 1.2996556265e+00 3.7227863045e-04
7.4218750000e-02 9.2249711805e-01 5.2451705465e-01 1.0507431384e+00 1.2937507886e+00 3.6322775711e-04
7.8125000000e-02 9.1759299529e-01 5.1987795235e-01 1.0470159002e+00 1.2878940662e+00 3.5067880191e-04
8.2031250000e-02 9.1271969531e-01 5.1528435178e-01 1.0433055044e+00 1.2820848949e+00 3.3475261815e-04
8.5937500000e-02 9.0787693685e-01 5.1073570877e-01 1.0396118147e+00 1.2763227191e+00 3.1560258368e-04
8.9843750000e-02 9.0306444222e-01 5.0623148724e-01 1.0359346960e+00 1.2706069916e+00 2.9341312380e-04
9.3750000000e-02 8.9828193721e-01 5.0177115909e-01 1.0322740151e+00 1.2649371735e+00 2.6839793515e-04
9.7656250000e-02 8.9352915103e-01 4.9735420405e-01 1.0286296401e+00 1.2593127341e+00 2.4079792766e-04
1.0156250000e-01 8.8880581630e-01 4.9298010951e-01 1.0250014409e+00 1.2537331506e+00 2.1087890449e-04
1.0546875000e-01 8.8411166894e-01 4.8864837041e-01 1.0213892885e+00 1.2481979082e+00 1.7892900219e-04
1.0937500000e-01 8.7944644815e-01 4.8435848910e-01 1.0177930558e+00 1.2427064995e+00 1.4525591579e-04
1.1328125000e-01 8.7480989636e-01 4.8010997520e-01 1.0142126168e+00 1.2372584251e+00 1.1018393551e-04
1.1718750000e-01 8.7020175916e-01 4.7590234549e-01 1.0106478471e+00 1.2318531926e+00 7.4050823708e-05
1.2109375000e-01 8.6562178527e-01 4.7173512376e-01 1.0070986238e+00 1.2264903171e+00 3.7204561989e-05
1.2500000000e-01 8.6106972647e-01 4.6760784068e-01 1.0035648252e+00 1.2211693210e+00 4.6484163485e-20
1.2890625000e-01 8.5654533758e-01 4.6352003372e-01 1.0000463311e+00 1.2158897333e+00 0.0000000000e+00
1.3281250000e-01 8.5204837639e-01 4.5947124699e-01 9.9654302263e-01 1.2106510902e+00 0.0000000000e+00
1.3671875000e-01 8.4757860361e-01 4.5546103114e-01 9.9305478213e-01 1.2054529347e+00 0.0000000000e+00
1.4062500000e-01 8.4313578286e-01 4.5148894326e-01 9.8958149340e-01 1.2002948163e+00 0.0000000000e+00
1.4453125000e-01 8.3871968059e-01 4.4755454673e-01 9.8612304146e-01 1.1951762911e+00 0.0000000000e+00
1.4843750000e-01 8.3433006604e-01 4.4365741115e-01 9.8267931263e-01 1.1900969216e+00 0.0000000000e+00
1.5234375000e-01 8.2996671123e-01 4.3979711221e-01 9.7925019447e-01 1.1850562766e+00 0.0000000000e+00
1.5625000000e-01 8.2562939086e-01 4.3597323160e-01 9.7583557577e-01 1.1800539311e+00 0.0000000000e+00
1.6015625000e-01 8.2131788234e-01 4.3218535690e-01 9.7243534656e-01 1.1750894662e+00 0.0000000000e+00
1.6406250000e-01 8.1703196568e-01 4.2843308145e-01 9.6904939804e-01 1.1701624690e+00 0.0000000000e+00
1.6796875000e-01 8.1277142351e-01 4.2471600433e-01 9.6567762263e-01 1.1652725323e+00 0.0000000000e+00
1.7187500000e-01 8.0853604099e-01 4.2103373016e-01 9.6231991389e-01 1.1604192548e+00 0.0000000000e+00
1.7578125000e-01 8.0432560582e-01 4.1738586911e-01 9.5897616653e-01 1.1556022409e+00 0.0000000000e+00
1.7968750000e-01 8.0013990816e-01 4.1377203672e-01 9.5564627642e-01 1.1508211004e+00 0.0000000000e+00
1.8359375000e-01 7.9597874063e-01 4.1019185385e-01 9.5233014052e-01 1.1460754488e+00 0.0000000000e+00
1.8750000000e-01 7.9184189822e-01 4.0664494660e-01 9.4902765691e-01 1.1413649068e+00 0.0000000000e+00
1.9140625000e-01 7.8772917833e-01 4.0313094619e-01 9.4573872475e-01 1.1366891005e+00 0.0000000000e+00
1.9531250000e-01 7.8364038068e-01 3.9964948892e-01 9.4246324428e-01 1.1320476610e+00 0.0000000000e+00
1.9921875000e-01 7.7957530728e-01 3.9620021602e-01 9.3920111678e-01 1.1274402247e+00 0.0000000000e+00
2.0312500000e-01 7.7553376242e-01 3.9278277365e-01 9.3595224460e-01 1.1228664329e+00 0.0000000000e+00
2.0703125000e-01 7.7151555263e-01 3.8939681274e-01 9.3271653109e-01 1.1183259320e+00 0.0000000000e+00
2.1093750000e-01 7.6752048663e-01 3.8604198895e-01 9.2949388064e-01 1.1138183730e+00 0.0000000000e+00
2.1484375000e-01 7.6354837531e-01 3.8271796262e-01 9.2628419861e-01 1.1093434119e+00 0.0000000000e+00
2.1875000000e-01 7.5959903171e-01 3.7942439863e-01 9.2308739138e-01 1.1049007091e+00 0.0000000000e+00
2.2265625000e-01 7.5567227095e-01 3.7616096638e-01 9.1990336629e-01 1.1004899299e+00 0.0000000000e+00
2.2656250000e-01 7.5176791027e-01 3.7292733966e-01 9.1673203163e-01 1.0961107441e+00 0.0000000000e+00
2.3046875000e-01 7.4788576893e-01 3.6972319667e-01 9.1357329665e-01 1.0917628257e+00 0.0000000000e+00
2.3437500000e-01 7.4402566821e-01 3.6654821983e-01 9.1042707153e-01 1.0874458533e+00 0.0000000000e+00
2.3828125000e-01 7.4018743139e-01 3.6340209583e-01 9.0729326737e-01 1.0831595098e+00 0.0000000000e+00
2.4218750000e-01 7.3637088370e-01 3.6028451546e-01 9.0417179618e-01 1.0789034823e+00 0.0000000000e+00
2.4609375000e-01 7.3257585232e-01 3.5719517362e-01 9.0106257088e-01 1.0746774620e+00 0.0000000000e+00
2.5000000000e-01 7.2880216632e-01 3.5413376921e-01 8.9796550525e-01 1.0704811443e+00 0.0000000000e+00
2.5390625000e-01 7.2504965667e-01 3.5110000509e-01 8.9488051397e-01 1.0663142285e+00 0.0000000000e+00
2.5781250000e-01 7.2131815617e-01 3.4809358800e-01 8.9180751257e-01 1.0621764181e+00 0.0000000000e+00
2.6171875000e-01 7.1760749947e-01 3.4511422850e-01 8.8874641743e-01 1.0580674203e+00 0.0000000000e+00
2.6562500000e-01 7.1391752302e-01 3.4216164093e-01 8.8569714577e-01 1.0539869461e+00 0.0000000000e+00
2.6953125000e-01 7.1024806502e-01 3.3923554333e-01 8.8265961564e-01 1.0499347105e+00 0.0000000000e+00
2.7343750000e-01 7.0659896547e-01 3.3633565739e-01 8.7963374591e-01 1.0459104321e+00 0.0000000000e+00
2.7734375000e-01 7.0297006607e-01 3.3346170838e-01 8.7661945625e-01 1.0419138330e+00 0.0000000000e+00
2.8125000000e-01 6.9936121022e-01 3.3061342511e-01 8.7361666714e-01 1.0379446392e+00 0.0000000000e+00
2.8515625000e-01 6.9577224301e-01 3.2779053988e-01 8.7062529984e-01 1.0340025800e+00 0.0000000000e+00
2.8906250000e-01 6.9220301121e-01 3.2499278841e-01 8.6764527639e-01 1.0300873883e+00 0.0000000000e+00
2.9296875000e-01 6.8865336319e-01 3.2221990978e-01 8.6467651957e-01 1.0261988003e+00 0.0000000000e+00
2.9687500000e-01 6.8512314896e-01 3.1947164641e-01 8.6171895296e-01 1.0223365558e+00 0.0000000000e+00
3.0078125000e-01 6.8161222011e-01 3.1674774398e-01 8.5877250086e-01 1.0185003977e+00 0.0000000000e+00
3.0468750000e-01 6.7812042982e-01 3.1404795139e-01 8.5583708830e-01 1.0146900724e+00 0.0000000000e+00
3.0859375000e-01 6.7464763279e-01 3.1137202071e-01 8.5291264107e-01 1.0109053292e+00 0.0000000000e+00
3.1250000000e-01 6.7119368526e-01 3.0871970712e-01 8.4999908564e-01 1.0071459208e+00 0.0000000000e+00
3.1640625000e-01 6.6775844501e-01 3.0609076890e-01 8.4709634923e-01 1.0034116031e+00 0.0000000000e+00
3.2031250000e-01 6.6434177126e-01 3.0348496734e-01 8.4420435972e-01 9.9970213470e-01 0.0000000000e+00
3.2421875000e-01 6.6094352473e-01 3.0090206670e-01 8.4132304571e-01 9.9601727762e-01 0.0000000000e+00
3.2812500000e-01 6.5756356758e-01 2.9834183421e-01 8.3845233648e-01 9.9235679664e-01 0.0000000000e+00
3.3203125000e-01 6.5420176340e-01 2.9580403996e-01 8.3559216197e-01 9.8872045954e-01 0.0000000000e+00
3.3593750000e-01 6.5085797720e-01 2.9328845691e-01 8.3274245281e-01 9.8510803695e-01 0.0000000000e+00
3.3984375000e-01 6.4753207536e-01 2.9079486080e-01 8.2990314026e-01 9.8151930236e-01 0.0000000000e+00
3.4375000000e-01 6.4422392566e-01 2.8832303017e-01 8.2707415626e-01 9.7795403206e-01 0.0000000000e+00
3.4765625000e-01 6.4093339723e-01 2.8587274626e-01 8.2425543336e-01 9.7441200509e-01 0.0000000000e+00
3.5156250000e-01 6.3766036053e-01 2.8344379299e-01 8.2144690477e-01 9.7089300320e-01 0.0000000000e+00
3.5546875000e-01 6.3440468735e-01 2.8103595694e-01 8.1864850431e-01 9.6739681082e-01 0.0000000000e+00
3.5937500000e-01 6.3116625078e-01 2.7864902728e-01 8.1586016644e-01 9.6392321500e-01 0.0000000000e+00
3.6328125000e-01 6.2794492520e-01 2.7628279574e-01 8.1308182620e-01 9.6047200539e-01 0.0000000000e+00
3.6718750000e-01 6.2474058627e-01 2.7393705661e-01 8.1031341926e-01 9.5704297420e-01 0.0000000000e+00
3.7109375000e-01 6.2155311088e-01 2.7161160662e-01 8.0755488188e-01 9.5363591613e-01 0.0000000000e+00
3.7500000000e-01 6.1838237719e-01 2.6930624500e-01 8.0480615089e-01 9.5025062840e-01 0.0000000000e+00
3.7890625000e-01 6.1522826456e-01 2.6702077338e-01 8.0206716374e-01 9.4688691063e-01 0.0000000000e+00
3.8281250000e-01 6.1209065357e-01 2.6475499577e-01 7.9933785841e-01 9.4354456486e-01 0.0000000000e+00
3.8671875000e-01 6.0896942598e-01 2.6250871853e-01 7.9661817349e-01 9.4022339550e-01 0.0000000000e+00
3.9062500000e-01 6.0586446473e-01 2.6028175033e-01 7.9390804811e-01 9.3692320931e-01 0.0000000000e+00
3.9453125000e-01 6.0277565395e-01 2.5807390215e-01 7.9120742195e-01 9.3364381531e-01 0.0000000000e+00
3.9843750000e-01 5.9970287887e-01 2.5588498718e-01 7.8851623525e-01 9.3038502483e-01 0.0000000000e+00
4.0234375000e-01 5.9664602588e-01 2.5371482085e-01 7.8583442878e-01 9.2714665140e-01 0.0000000000e+00
4.0625000000e-01 5.9360498250e-01 2.5156322077e-01 7.8316194386e-01 9.2392851077e-01 0.0000000000e+00
4.1015625000e-01 5.9057963733e-01 2.4943000670e-01 7.8049872233e-01 9.2073042085e-01 0.0000000000e+00
4.1406250000e-01 5.8756988008e-01 2.4731500052e-01 7.7784470656e-01 9.1755220169e-01 0.0000000000e+00
4.1796875000e-01 5.8457560152e-01 2.4521802620e-01 7.7519983942e-01 9.1439367544e-01 0.0000000000e+00
4.2187500000e-01 5.8159669350e-01 2.4313890980e-01 7.7256406430e-01 9.1125466634e-01 0.0000000000e+00
4.2578125000e-01 5.7863304892e-01 2.4107747938e-01 7.6993732510e-01 9.0813500066e-01 0.0000000000e+00
4.2968750000e-01 5.7568456170e-01 2.3903356502e-01 7.6731956622e-01 9.0503450669e-01 0.0000000000e+00
4.3359375000e-01 5.7275112681e-01 2.3700699878e-01 7.6471073254e-01 9.0195301472e-01 0.0000000000e+00
4.3750000000e-01 5.6983264023e-01 2.3499761466e-01 7.6211076943e-01 8.9889035699e-01 0.0000000000e+00
4.4140625000e-01 5.6692899891e-01 2.3300524858e-01 7.5951962276e-01 8.9584636767e-01 0.0000000000e+00
4.4531250000e-01 5.6404010083e-01 2.3102973838e-01 7.5693723885e-01 8.9282088283e-01 0.0000000000e+00
4.4921875000e-01 5.6116584493e-01 2.2907092373e-01 7.5436356451e-01 8.8981374043e-01 0.0000000000e+00
4.5312500000e-01 5.5830613110e-01 2.2712864618e-01 7.5179854700e-01 8.8682478027e-01 0.0000000000e+00
4.5703125000e-01 5.5546086020e-01 2.2520274907e-01 7.4924213406e-01 8.8385384399e-01 0.0000000000e+00
4.6093750000e-01 5.5262993402e-01 2.2329307754e-01 7.4669427386e-01 8.8090077500e-01 0.0000000000e+00
4.6484375000e-01 5.4981325531e-01 2.2139947851e-01 7.4415491503e-01 8.7796541851e-01 0.0000000000e+00
4.6875000000e-01 5.4701072769e-01 2.1952180063e-01 7.4162400666e-01 8.7504762148e-01 0.0000000000e+00
4.7265625000e-01 5.4422225572e-01 2.1765989426e-01 7.3910149827e-01 8.7214723258e-01 0.0000000000e+00
4.7656250000e-01 5.4144774487e-01 2.1581361149e-01 7.3658733979e-01 8.6926410218e-01 0.0000000000e+00
4.8046875000e-01 5.3868710145e-01 2.1398280604e-01 7.3408148161e-01 8.6639808233e-01 0.0000000000e+00
4.8437500000e-01 5.3594023269e-01 2.1216733331e-01 7.3158387454e-01 8.6354902676e-01 0.0000000000e+00
4.8828125000e-01 5.3320704667e-01 2.1036705032e-01 7.2909446979e-01 8.6071679079e-01 0.0000000000e+00
4.9218750000e-01 5.3048745233e-01 2.0858181568e-01 7.2661321902e-01 8.5790123137e-01 0.0000000000e+00
4.9609375000e-01 5.2778135943e-01 2.0681148962e-01 7.2414007427e-01 8.5510220704e-01 0.0000000000e+00
5.0000000000e-01 5.2508867860e-01 2.0505593389e-01 7.2167498799e-01 8.5231957790e-01 0.0000000000e+00
5.0390625000e-01 5.2240932128e-01 2.0331501180e-01 7.1921791306e-01 8.4955320559e-01 0.0000000000e+00
5.0781250000e-01 5.1974319972e-01 2.0158858820e-01 7.1676880272e-01 8.4680295328e-01 0.0000000000e+00
5.1171875000e-01 5.1709022700e-01 1.9987652940e-01 7.1432761062e-01 8.4406868564e-01 0.0000000000e+00
5.1562500000e-01 5.1445031697e-01 1.9817870322e-01 7.1189429080e-01 8.4135026882e-01 0.0000000000e+00
5.1953125000e-01 5.1182338428e-01 1.9649497894e-01 7.0946879769e-01 8.3864757044e-01 0.0000000000e+00
5.2343750000e-01 5.0920934436e-01 1.9482522726e-01 7.0705108608e-01 8.3596045954e-01 0.0000000000e+00
5.2734375000e-01 5.0660811341e-01 1.9316932032e-01 7.0464111116e-01 8.3328880660e-01 0.0000000000e+00
5.3125000000e-01 5.0401960838e-01 1.9152713166e-01 7.0223882847e-01 8.3063248352e-01 0.0000000000e+00
5.3515625000e-01 5.0144374699e-01 1.8989853621e-01 6.9984419394e-01 8.2799136354e-01 0.0000000000e+00
5.3906250000e-01 4.9888044769e-01 1.8828341025e-01 6.9745716384e-01 8.2536532132e-01 0.0000000000e+00
5.4296875000e-01 4.9632962968e-01 1.8668163142e-01 6.9507769481e-01 8.2275423283e-01 0.0000000000e+00
5.4687500000e-01 4.9379121286e-01 1.8509307869e-01 6.9270574387e-01 8.2015797537e-01 0.0000000000e+00
5.5078125000e-01 4.9126511788e-01 1.8351763235e-01 6.9034126835e-01 8.1757642759e-01 0.0000000000e+00
5.5468750000e-01 4.8875126609e-01 1.8195517396e-01 6.8798422596e-01 8.1500946939e-01 0.0000000000e+00
5.5859375000e-01 4.8624957952e-01 1.8040558640e-01 6.8563457474e-01 8.1245698198e-01 0.0000000000e+00
5.6250000000e-01 4.8375998093e-01 1.7886875378e-01 6.8329227307e-01 8.0991884783e-01 0.0000000000e+00
5.6640625000e-01 4.8128239374e-01 1.7734456147e-01 6.8095727969e-01 8.0739495063e-01 0.0000000000e+00
5.7031250000e-01 4.7881674206e-01 1.7583289607e-01 6.7862955364e-01 8.0488517532e-01 0.0000000000e+00
5.7421875000e-01 4.7636295068e-01 1.7433364539e-01 6.7630905432e-01 8.0238940806e-01 0.0000000000e+00
5.7812500000e-01 4.7392094503e-01 1.7284669845e-01 6.7399574144e-01 7.9990753618e-01 0.0000000000e+00
5.8203125000e-01 4.7149065123e-01 1.7137194543e-01 6.7168957503e-01 7.9743944822e-01 0.0000000000e+00
5.8593750000e-01 4.6907199601e-01 1.6990927771e-01 6.6939051547e-01 7.9498503387e-01 0.0000000000e+00
5.8984375000e-01 4.6666490677e-01 1.6845858779e-01 6.6709852341e-01 7.9254418399e-01 0.0000000000e+00
5.9375000000e-01 4.6426931155e-01 1.6701976934e-01 6.6481355985e-01 7.9011679054e-01 0.0000000000e+00
5.9765625000e-01 4.6188513898e-01 1.6559271714e-01 6.6253558610e-01 7.8770274664e-01 0.0000000000e+00
6.0156250000e-01 4.5951231836e-01 1.6417732707e-01 6.6026456375e-01 7.8530194649e-01 0.0000000000e+00
6.0546875000e-01 4.5715077957e-01 1.6277349612e-01 6.5800045471e-01 7.8291428542e-01 0.0000000000e+00
6.0937500000e-01 4.5480045311e-01 1.6138112236e-01 6.5574322120e-01 7.8053965979e-01 0.0000000000e+00
6.1328125000e-01 4.5246127008e-01 1.6000010493e-01 6.5349282573e-01 7.7817796707e-01 0.0000000000e+00
6.1718750000e-01 4.5013316218e-01 1.5863034403e-01 6.5124923110e-01 7.7582910575e-01 0.0000000000e+00
6.2109375000e-01 4.4781606168e-01 1.5727174087e-01 6.4901240039e-01 7.7349297539e-01 0.0000000000e+00
6.2500000000e-01 4.4550990145e-01 1.5592419773e-01 6.4678229701e-01 7.7116947654e-01 0.0000000000e+00
6.2890625000e-01 4.4321461493e-01 1.5458761788e-01 6.4455888460e-01 7.6885851080e-01 0.0000000000e+00
6.3281250000e-01 4.4093013613e-01 1.5326190561e-01 6.4234212714e-01 7.6655998074e-01 0.0000000000e+00
6.3671875000e-01 4.3865639961e-01 1.5194696618e-01 6.4013198884e-01 7.6427378994e-01 0.0000000000e+00
6.4062500000e-01 4.3639334052e-01 1.5064270586e-01 6.3792843422e-01 7.6199984294e-01 0.0000000000e+00
6.4453125000e-01 4.3414089452e-01 1.4934903184e-01 6.3573142806e-01 7.5973804525e-01 0.0000000000e+00
6.4843750000e-01 4.3189899784e-01 1.4806585232e-01 6.3354093541e-01 7.5748830333e-01 0.0000000000e+00
6.5234375000e-01 4.2966758724e-01 1.4679307640e-01 6.3135692159e-01 7.5525052459e-01 0.0000000000e+00
6.5625000000e-01 4.2744660003e-01 1.4553061413e-01 6.2917935220e-01 7.5302461735e-01 0.0000000000e+00
6.6015625000e-01 4.2523597403e-01 1.4427837647e-01 6.2700819309e-01 7.5081049085e-01 0.0000000000e+00
6.6406250000e-01 4.2303564758e-01 1.4303627529e-01 6.2484341037e-01 7.4860805525e-01 0.0000000000e+00
6.6796875000e-01 4.2084555955e-01 1.4180422337e-01 6.2268497040e-01 7.4641722158e-01 0.0000000000e+00
6.7187500000e-01 4.1866564931e-01 1.4058213437e-01 6.2053283983e-01 7.4423790179e-01 0.0000000000e+00
6.7578125000e-01 4.1649585676e-01 1.3936992281e-01 6.1838698553e-01 7.4207000866e-01 0.0000000000e+00
6.7968750000e-01 4.1433612227e-01 1.3816750409e-01 6.1624737462e-01 7.3991345585e-01 0.0000000000e+00
6.8359375000e-01 4.1218638672e-01 1.3697479447e-01 6.1411397449e-01 7.3776815788e-01 0.0000000000e+00
6.8750000000e-01 4.1004659149e-01 1.3579171104e-01 6.1198675276e-01 7.3563403011e-01 0.0000000000e+00
6.9140625000e-01 4.0791667841e-01 1.3461817173e-01 6.0986567729e-01 7.3351098870e-01 0.0000000000e+00
6.9531250000e-01 4.0579658984e-01 1.3345409530e-01 6.0775071621e-01 7.3139895068e-01 0.0000000000e+00
6.9921875000e-01 4.0368626858e-01 1.3229940131e-01 6.0564183784e-01 7.2929783385e-01 0.0000000000e+00
7.0312500000e-01 4.0158565791e-01 1.3115401013e-01 6.0353901079e-01 7.2720755682e-01 0.0000000000e+00
7.0703125000e-01 3.9949470157e-01 1.3001784293e-01 6.0144220385e-01 7.2512803901e-01 0.0000000000e+00
7.1093750000e-01 3.9741334378e-01 1.2889082167e-01 5.9935138608e-01 7.2305920060e-01 0.0000000000e+00
7.1484375000e-01 3.9534152920e-01 1.2777286907e-01 5.9726652676e-01 7.2100096256e-01 0.0000000000e+00
7.1875000000e-01 3.9327920294e-01 1.2666390861e-01 5.9518759540e-01 7.1895324661e-01 0.0000000000e+00
7.2265625000e-01 3.9122631057e-01 1.2556386457e-01 5.9311456171e-01 7.1691597522e-01 0.0000000000e+00
7.2656250000e-01 3.8918279808e-01 1.2447266193e-01 5.9104739566e-01 7.1488907162e-01 0.0000000000e+00
7.3046875000e-01 3.8714861192e-01 1.2339022643e-01 5.8898606742e-01 7.1287245977e-01 0.0000000000e+00
7.3437500000e-01 3.8512369896e-01 1.2231648454e-01 5.8693054738e-01 7.1086606436e-01 0.0000000000e+00
7.3828125000e-01 3.8310800651e-01 1.2125136347e-01 5.8488080614e-01 7.0886981079e-01 0.0000000000e+00
7.4218750000e-01 3.8110148229e-01 1.2019479110e-01 5.8283681453e-01 7.0688362518e-01 0.0000000000e+00
7.4609375000e-01 3.7910407446e-01 1.1914669606e-01 5.8079854359e-01 7.0490743435e-01 0.0000000000e+00
7.5000000000e-01 3.7711573158e-01 1.1810700765e-01 5.7876596455e-01 7.0294116582e-01 0.0000000000e+00
7.5390625000e-01 3.7513640263e-01 1.1707565587e-01 5.7673904887e-01 7.0098474777e-01 0.0000000000e+00
7.5781250000e-01 3.7316603698e-01 1.1605257140e-01 5.7471776822e-01 6.9903810910e-01 0.0000000000e+00
7.6171875000e-01 3.7120458444e-01 1.1503768559e-01 5.7270209445e-01 6.9710117935e-01 0.0000000000e+00
7.6562500000e-01 3.6925199518e-01 1.1403093046e-01 5.7069199963e-01 6.9517388873e-01 0.0000000000e+00
7.6953125000e-01 3.6730821979e-01 1.1303223869e-01 5.6868745603e-01 6.9325616809e-01 0.0000000000e+00
7.7343750000e-01 3.6537320926e-01 1.1204154359e-01 5.6668843612e-01 6.9134794896e-01 0.0000000000e+00
7.7734375000e-01 3.6344691493e-01 1.1105877914e-01 5.6469491255e-01 6.8944916348e-01 0.0000000000e+00
7.8125000000e-01 3.6152928857e-01 1.1008387993e-01 5.6270685819e-01 6.8755974444e-01 0.0000000000e+00
7.8515625000e-01 3.5962028230e-01 1.0911678120e-01 5.6072424608e-01 6.8567962525e-01 0.0000000000e+00
7.8906250000e-01 3.5771984862e-01 1.0815741881e-01 5.5874704946e-01 6.8380873992e-01 0.0000000000e+00
7.9296875000e-01 3.5582794042e-01 1.0720572920e-01 5.5677524178e-01 6.8194702310e-01 0.0000000000e+00
7.9687500000e-01 3.5394451094e-01 1.0626164946e-01 5.5480879665e-01 6.8009441003e-01 0.0000000000e+00
8.0078125000e-01 3.5206951380e-01 1.0532511725e-01 5.5284768786e-01 6.7825083654e-01 0.0000000000e+00
8.0468750000e-01 3.5020290297e-01 1.0439607083e-01 5.5089188943e-01 6.7641623906e-01 0.0000000000e+00
8.0859375000e-01 3.4834463279e-01 1.0347444907e-01 5.4894137551e-01 6.7459055461e-01 0.0000000000e+00
8.1250000000e-01 3.4649465794e-01 1.0256019137e-01 5.4699612046e-01 6.7277372076e-01 0.0000000000e+00
8.1640625000e-01 3.4465293348e-01 1.0165323775e-01 5.4505609881e-01 6.7096567568e-01 0.0000000000e+00
8.2031250000e-01 3.4281941479e-01 1.0075352878e-01 5.4312128528e-01 6.6916635808e-01 0.0000000000e+00
8.2421875000e-01 3.4099405761e-01 9.9861005572e-02 5.4119165475e-01 6.6737570726e-01 0.0000000000e+00
8.2812500000e-01 3.3917681801e-01 9.8975609818e-02 5.3926718229e-01 6.6559366303e-01 0.0000000000e+00
8.3203125000e-01 3.3736765240e-01 9.8097283744e-02 5.3734784313e-01 6.6382016577e-01 0.0000000000e+00
8.3593750000e-01 3.3556651756e-01 9.7225970121e-02 5.3543361267e-01 6.6205515640e-01 0.0000000000e+00
8.3984375000e-01 3.3377337054e-01 9.6361612254e-02 5.3352446649e-01 6.6029857636e-01 0.0000000000e+00
8.4375000000e-01 3.3198816878e-01 9.5504153977e-02 5.3162038033e-01 6.5855036763e-01 0.0000000000e+00
8.4765625000e-01 3.3021086999e-01 9.4653539649e-02 5.2972133011e-01 6.5681047270e-01 0.0000000000e+00
8.5156250000e-01 3.2844143226e-01 9.3809714145e-02 5.2782729191e-01 6.5507883459e-01 0.0000000000e+00
8.5546875000e-01 3.2667981395e-01 9.2972622853e-02 5.2593824195e-01 6.5335539681e-01 0.0000000000e+00
8.5937500000e-01 3.2492597377e-01 9.2142211667e-02 5.2405415665e-01 6.5164010340e-01 0.0000000000e+00
8.6328125000e-01 3.2317987073e-01 9.1318426981e-02 5.2217501257e-01 6.4993289887e-01 0.0000000000e+00
8.6718750000e-01 3.2144146414e-01 9.0501215685e-02 5.2030078643e-01 6.4823372824e-01 0.0000000000e+00
8.7109375000e-01 3.1971071365e-01 8.9690525158e-02 5.1843145511e-01 6.4654253702e-01 0.0000000000e+00
8.7500000000e-01 3.1798757918e-01 8.8886303263e-02 5.1656699565e-01 6.4485927119e-01 0.0000000000e+00
8.7890625000e-01 3.1627202096e-01 8.8088498342e-02 5.1470738525e-01 6.4318387722e-01 0.0000000000e+00
8.8281250000e-01 3.1456399955e-01 8.7297059213e-02 5.1285260124e-01 6.4151630203e-01 0.0000000000e+00
8.8671875000e-01 3.1286347577e-01 8.6511935158e-02 5.1100262113e-01 6.3985649305e-01 0.0000000000e+00
8.9062500000e-01 3.1117041074e-01 8.5733075927e-02 5.0915742257e-01 6.3820439812e-01 0.0000000000e+00
8.9453125000e-01 3.0948476589e-01 8.4960431725e-02 5.0731698336e-01 6.3655996558e-01 0.0000000000e+00
8.9843750000e-01 3.0780650293e-01 8.4193953213e-02 5.0548128144e-01 6.3492314419e-01 0.0000000000e+00
9.0234375000e-01 3.0613558384e-01 8.3433591498e-02 5.0365029492e-01 6.3329388317e-01 0.0000000000e+00
9.0625000000e-01 3.0447197090e-01 8.2679298132e-02 5.0182400204e-01 6.3167213219e-01 0.0000000000e+00
9.1015625000e-01 3.0281562668e-01 8.1931025107e-02 5.0000238118e-01 6.3005784134e-01 0.0000000000e+00
9.1406250000e-01 3.0116651399e-01 8.1188724846e-02 4.9818541088e-01 6.2845096116e-01 0.0000000000e+00
9.1796875000e-01 2.9952459596e-01 8.0452350204e-02 4.9637306980e-01 6.2685144261e-01 0.0000000000e+00
9.2187500000e-01 2.9788983597e-01 7.9721854460e-02 4.9456533676e-01 6.2525923707e-01 0.0000000000e+00
9.2578125000e-01 2.9626219766e-01 7.8997191313e-02 4.9276219071e-01 6.2367429634e-01 0.0000000000e+00
9.2968750000e-01 2.9464164497e-01 7.8278314878e-02 4.9096361075e-01 6.2209657265e-01 0.0000000000e+00
9.3359375000e-01 2.9302814208e-01 7.7565179681e-02 4.8916957611e-01 6.2052601861e-01 0.0000000000e+00
9.3750000000e-01 2.9142165345e-01 7.6857740655e-02 4.8738006614e-01 6.1896258727e-01 0.0000000000e+00
9.4140625000e-01 2.8982186224e-01 7.6155953307e-02 4.8556643123e-01 6.1740623205e-01 0.0000000000e+00
9.4531250000e-01 2.8822734059e-01 7.5459775561e-02 4.8370260908e-01 6.1585690679e-01 0.0000000000e+00
9.4921875000e-01 2.8663642197e-01 7.4769169525e-02 4.8179284064e-01 6.1431456572e-01 0.0000000000e+00
9.5312500000e-01 2.8504749147e-01 7.4084101503e-02 4.7984184880e-01 6.1277916344e-01 0.0000000000e+00
9.5703125000e-01 2.8345899153e-01 7.3404541824e-02 4.7785480257e-01 6.1125065497e-01 0.0000000000e+00
9.6093750000e-01 2.8186942815e-01 7.2730464653e-02 4.7583727618e-01 6.0972899567e-01 0.0000000000e+00
9.6484375000e-01 2.8027737776e-01 7.2061847801e-02 4.7379520322e-01 6.0821414130e-01 0.0000000000e+00
9.6875000000e-01 2.7868149488e-01 7.1398672509e-02 4.7173482600e-01 6.0670604800e-01 0.0000000000e+00
9.7265625000e-01 2.7708052058e-01 7.0740923217e-02 4.6966264041e-01 6.0520467226e-01 0.0000000000e+00
9.7656250000e-01 2.7547329199e-01 7.0088587326e-02 4.6758533648e-01 6.0370997094e-01 0.0000000000e+00
9.8046875000e-01 2.7385875253e-01 6.9441654919e-02 4.6550973503e-01 6.0222190128e-01 0.0000000000e+00
9.8437500000e-01 2.7223596329e-01 6.8800118484e-02 4.6344272084e-01 6.0074042086e-01 0.0000000000e+00
9.8828125000e-01 2.7060411502e-01 6.8163972589e-02 4.6139117275e-01 5.9926548761e-01 0.0000000000e+00
9.9218750000e-01 2.6896254092e-01 6.7533213554e-02 4.5936189132e-01 5.9779705983e-01 0.0000000000e+00
9.9609375000e-01 2.6731072987e-01 6.6907839078e-02 4.5736152464e-01 5.9633509614e-01 0.0000000000e+00
1.0000000000e+00 2.6564833979e-01 6.6287847855e-02 4.5539649309e-01 5.9487955553e-01 0.0000000000e+00
1.0039062500e+00 2.6397521079e-01 6.5673239151e-02 4.5347291407e-01 5.9343039730e-01 0.0000000000e+00
1.0078125000e+00 2.6229137762e-01 6.5064012366e-02 4.5159652743e-01 5.9198758113e-01 0.0000000000e+00
1.0117187500e+00 2.6059708080e-01 6.4460166567e-02 4.4977262314e-01 5.9055106699e-01 0.0000000000e+00
1.0156250000e+00 2.5889277594e-01 6.3861700007e-02 4.4800597218e-01 5.8912081521e-01 0.0000000000e+00
1.0195312500e+00 2.5717914040e-01 6.3268609633e-02 4.4630076229e-01 5.8769678641e-01 0.0000000000e+00
1.0234375000e+00 2.5545707670e-01 6.2680890581e-02 4.4466053995e-01 5.8627894158e-01 0.0000000000e+00
1.0273437500e+00 2.5372771190e-01 6.2098535682e-02 4.4308816019e-01 5.8486724199e-01 0.0000000000e+00
1.0312500000e+00 2.5199239246e-01 6.1521534976e-02 4.4158574579e-01 5.8346164925e-01 0.0000000000e+00
1.0351562500e+00 2.5025267383e-01 6.0949875249e-02 4.4015465711e-01 5.8206212526e-01 0.0000000000e+00
1.0390625000e+00 2.4851030479e-01 6.0383539607e-02 4.3879547399e-01 5.8066863227e-01 0.0000000000e+00
1.0429687500e+00 2.4676720602e-01 5.9822507097e-02 4.3750799042e-01 5.7928113278e-01 0.0000000000e+00
1.0468750000e+00 2.4502544343e-01 5.9266752386e-02 4.3629122267e-01 5.7789958966e-01 0.0000000000e+00
1.0507812500e+00 2.4328719650e-01 5.8716245513e-02 4.3514343080e-01 5.7652396602e-01 0.0000000000e+00
1.0546875000e+00 2.4155472249e-01 5.8170951711e-02 4.3406215325e-01 5.7515422530e-01 0.0000000000e+00
1.0585937500e+00 2.3983031742e-01 5.7630831329e-02 4.3304425337e-01 5.7379033123e-01 0.0000000000e+00
1.0625000000e+00 2.3811627539e-01 5.7095839832e-02 4.3208597652e-01 5.7243224783e-01 0.0000000000e+00
1.0664062500e+00 2.3641446410e-01 5.6565928113e-02 4.3115721725e-01 5.7107993942e-01 0.0000000000e+00
1.0703125000e+00 2.3472517147e-01 5.6041045003e-02 4.3023065001e-01 5.6973337058e-01 0.0000000000e+00
1.0742187500e+00 2.3304829617e-01 5.5521139683e-02 4.2930626549e-01 5.6839250620e-01 0.0000000000e+00
1.0781250000e+00 2.3138373782e-01 5.5006161900e-02 4.2838405446e-01 5.6705731143e-01 0.0000000000e+00
1.0820312500e+00 2.2973139697e-01 5.4496061959e-02 4.2746400774e-01 5.6572775172e-01 0.0000000000e+00
1.0859375000e+00 2.2809117508e-01 5.3990790715e-02 4.2654611620e-01 5.6440379277e-01 0.0000000000e+00
1.0898437500e+00 2.2646297454e-01 5.3490299566e-02 4.2563037077e-01 5.6308540057e-01 0.0000000000e+00
1.0937500000e+00 2.2484669864e-01 5.2994540450e-02 4.2471676244e-01 5.6177254138e-01 0.0000000000e+00
1.0976562500e+00 2.2324225156e-01 5.2503465832e-02 4.2380528224e-01 5.6046518171e-01 0.0000000000e+00
1.1015625000e+00 2.2164953836e-01 5.2017028703e-02 4.2289592127e-01 5.5916328835e-01 0.0000000000e+00
1.1054687500e+00 2.2006846497e-01 5.1535182572e-02 4.2198867068e-01 5.5786682835e-01 0.0000000000e+00
1.1093750000e+00 2.1849893822e-01 5.1057881457e-02 4.2108352167e-01 5.5657576902e-01 0.0000000000e+00
1.1132812500e+00 2.1694086574e-01 5.0585079884e-02 4.2018046549e-01 5.5529007791e-01 0.0000000000e+00
1.1171875000e+00 2.1539415605e-01 5.0116732875e-02 4.1927949345e-01 5.5400972285e-01 0.0000000000e+00
1.1210937500e+00 2.1385871849e-01 4.9652795945e-02 4.1838059690e-01 5.5273467191e-01 0.0000000000e+00
1.1250000000e+00 2.1233446323e-01 4.9193225098e-02 4.1748376726e-01 5.5146489340e-01 0.0000000000e+00
1.1289062500e+00 2.1082130126e-01 4.8737976816e-02 4.1658899598e-01 5.5020035589e-01 0.0000000000e+00
1.1328125000e+00 2.0931914438e-01 4.8287008057e-02 4.1569627458e-01 5.4894102820e-01 0.0000000000e+00
1.1367187500e+00 2.0782790521e-01 4.7840276248e-02 4.1480559462e-01 5.4768687937e-01 0.0000000000e+00
1.1406250000e+00 2.0634749713e-01 4.7397739279e-02 4.1391694771e-01 5.4643787870e-01 0.0000000000e+00
1.1445312500e+00 2.0487783434e-01 4.6959355498e-02 4.1303032552e-01 5.4519399572e-01 0.0000000000e+00
1.1484375000e+00 2.0341883179e-01 4.6525083706e-02 4.1214571976e-01 5.4395520019e-01 0.0000000000e+00
1.1523437500e+00 2.0197040522e-01 4.6094883150e-02 4.1126312218e-01 5.4272146212e-01 0.0000000000e+00
1.1562500000e+00 2.0053247112e-01 4.5668713518e-02 4.1038252459e-01 5.4149275173e-01 0.0000000000e+00
1.1601562500e+00 1.9910494673e-01 4.5246534935e-02 4.0950391886e-01 5.4026903949e-01 0.0000000000e+00
1.1640625000e+00 1.9768775006e-01 4.4828307955e-02 4.0862729689e-01 5.3905029607e-01 0.0000000000e+00
1.1679687500e+00 1.9628079983e-01 4.4413993560e-02 4.0775265062e-01 5.3783649239e-01 0.0000000000e+00
1.1718750000e+00 1.9488401549e-01 4.4003553152e-02 4.0687997207e-01 5.3662759958e-01 0.0000000000e+00
1.1757812500e+00 1.9349731724e-01 4.3596948548e-02 4.0600925327e-01 5.3542358900e-01 0.0000000000e+00
1.1796875000e+00 1.9212062597e-01 4.3194141974e-02 4.0514048632e-01 5.3422443220e-01 0.0000000000e+00
1.1835937500e+00 1.9075386328e-01 4.2795096064e-02 4.0427366335e-01 5.3303010099e-01 0.0000000000e+00
1.1875000000e+00 1.8939695148e-01 4.2399773852e-02 4.0340877655e-01 5.3184056735e-01 0.0000000000e+00
1.1914062500e+00 1.8804981357e-01 4.2008138767e-02 4.0254581816e-01 5.3065580351e-01 0.0000000000e+00
1.1953125000e+00 1.8671237323e-01 4.1620154632e-02 4.0168478043e-01 5.2947578189e-01 0.0000000000e+00
1.1992187500e+00 1.8538455483e-01 4.1235785653e-02 4.0082565570e-01 5.2830047511e-01 0.0000000000e+00
1.2031250000e+00 1.8406628339e-01 4.0854996420e-02 3.9996843633e-01 5.2712985602e-01 0.0000000000e+00
1.2070312500e+00 1.8275748463e-01 4.0477751902e-02 3.9911311472e-01 5.2596389765e-01 0.0000000000e+00
1.2109375000e+00 1.8145808489e-01 4.0104017438e-02 3.9825968332e-01 5.2480257325e-01 0.0000000000e+00
1.2148437500e+00 1.8016801118e-01 3.9733758738e-02 3.9740813464e-01 5.2364585626e-01 0.0000000000e+00
1.2187500000e+00 1.7888719117e-01 3.9366941874e-02 3.9655846119e-01 5.2249372033e-01 0.0000000000e+00
1.2226562500e+00 1.7761555314e-01 3.9003533281e-02 3.9571065558e-01 5.2134613930e-01 0.0000000000e+00
1.2265625000e+00 1.7635302601e-01 3.8643499747e-02 3.9486471041e-01 5.2020308720e-01 0.0000000000e+00
1.2304687500e+00 1.7509953933e-01 3.8286808414e-02 3.9402061835e-01 5.1906453825e-01 0.0000000000e+00
1.2343750000e+00 1.7385502328e-01 3.7933426769e-02 3.9317837211e-01 5.1793046689e-01 0.0000000000e+00
1.2382812500e+00 1.7261940863e-01 3.7583322644e-02 3.9233796444e-01 5.1680084771e-01 0.0000000000e+00
1.2421875000e+00 1.7139262677e-01 3.7236464210e-02 3.9149938812e-01 5.1567565552e-01 0.0000000000e+00
1.2460937500e+00 1.7017460968e-01 3.6892819974e-02 3.9066263598e-01 5.1455486529e-01 0.0000000000e+00
1.2500000000e+00 1.6896528995e-01 3.6552358774e-02 3.8982770089e-01 5.1343845220e-01 0.0000000000e+00
1.2539062500e+00 1.6776460074e-01 3.6215049775e-02 3.8899457577e-01 5.1232639160e-01 0.0000000000e+00
1.2578125000e+00 1.6657247582e-01 3.5880862467e-02 3.8816325355e-01 5.1121865902e-01 0.0000000000e+00
1.2617187500e+00 1.6538884949e-01 3.5549766658e-02 3.8733372724e-01 5.1011523017e-01 0.0000000000e+00
1.2656250000e+00 1.6421365667e-01 3.5221732476e-02 3.8650598986e-01 5.0901608093e-01 0.0000000000e+00
1.2695312500e+00 1.6304683282e-01 3.4896730357e-02 3.8568003447e-01 5.0792118739e-01 0.0000000000e+00
1.2734375000e+00 1.6188831396e-01 3.4574731051e-02 3.8485585419e-01 5.0683052576e-01 0.0000000000e+00
1.2773437500e+00 1.6073803667e-01 3.4255705609e-02 3.8403344216e-01 5.0574407248e-01 0.0000000000e+00
1.2812500000e+00 1.5959593806e-01 3.3939625387e-02 3.8321279156e-01 5.0466180413e-01 0.0000000000e+00
1.2851562500e+00 1.5846195582e-01 3.3626462038e-02 3.8239389561e-01 5.0358369745e-01 0.0000000000e+00
1.2890625000e+00 1.5733602814e-01 3.3316187511e-02 3.8157674757e-01 5.0250972938e-01 0.0000000000e+00
1.2929687500e+00 1.5621809376e-01 3.3008774045e-02 3.8076134074e-01 5.0143987700e-01 0.0000000000e+00
1.2968750000e+00 1.5510809195e-01 3.2704194170e-02 3.7994766845e-01 5.0037411758e-01 0.0000000000e+00
1.3007812500e+00 1.5400596248e-01 3.2402420698e-02 3.7913572407e-01 4.9931242853e-01 0.0000000000e+00
1.3046875000e+00 1.5291164567e-01 3.2103426724e-02 3.7832550100e-01 4.9825478743e-01 0.0000000000e+00
1.3085937500e+00 1.5182508232e-01 3.1807185623e-02 3.7751699269e-01 4.9720117204e-01 0.0000000000e+00
1.3125000000e+00 1.5074621375e-01 3.1513671042e-02 3.7671019262e-01 4.9615156025e-01 0.0000000000e+00
1.3164062500e+00 1.4967498178e-01 3.1222856904e-02 3.7590509431e-01 4.9510593012e-01 0.0000000000e+00
1.3203125000e+00 1.4861132873e-01 3.0934717398e-02 3.7510169129e-01 4.9406425988e-01 0.0000000000e+00
1.3242187500e+00 1.4755519740e-01 3.0649226980e-02 3.7429997716e-01 4.9302652790e-01 0.0000000000e+00
1.3281250000e+00 1.4650653110e-01 3.0366360369e-02 3.7349994553e-01 4.9199271272e-01 0.0000000000e+00
1.3320312500e+00 1.4546527359e-01 3.0086092545e-02 3.7270159007e-01 4.9096279300e-01 0.0000000000e+00
1.3359375000e+00 1.4443136913e-01 2.9808398744e-02 3.7190490446e-01 4.8993674759e-01 0.0000000000e+00
1.3398437500e+00 1.4340476244e-01 2.9533254455e-02 3.7110988242e-01 4.8891455547e-01 0.0000000000e+00
1.3437500000e+00 1.4238539872e-01 2.9260635421e-02 3.7031651772e-01 4.8789619577e-01 0.0000000000e+00
1.3476562500e+00 1.4137322363e-01 2.8990517631e-02 3.6952480414e-01 4.8688164777e-01 0.0000000000e+00
1.3515625000e+00 1.4036818327e-01 2.8722877321e-02 3.6873473551e-01 4.8587089090e-01 0.0000000000e+00
1.3554687500e+00 1.3937022423e-01 2.8457690970e-02 3.6794630568e-01 4.8486390473e-01 0.0000000000e+00
1.3593750000e+00 1.3837929352e-01 2.8194935296e-02 3.6715950856e-01 4.8386066897e-01 0.0000000000e+00
1.3632812500e+00 1.3739533860e-01 2.7934587254e-02 3.6637433805e-01 4.8286116348e-01 0.0000000000e+00
1.3671875000e+00 1.3641830739e-01 2.7676624036e-02 3.6559078813e-01 4.8186536826e-01 0.0000000000e+00
1.3710937500e+00 1.3544814822e-01 2.7421023065e-02 3.6480885278e-01 4.8087326345e-01 0.0000000000e+00
1.3750000000e+00 1.3448480988e-01 2.7167761992e-02 3.6402852601e-01 4.7988482933e-01 0.0000000000e+00
1.3789062500e+00 1.3352824156e-01 2.6916818698e-02 3.6324980189e-01 4.7890004630e-01 0.0000000000e+00
1.3828125000e+00 1.3257839290e-01 2.6668171285e-02 3.6247267450e-01 4.7791889492e-01 0.0000000000e+00
1.3867187500e+00 1.3163521396e-01 2.6421798081e-02 3.6169713795e-01 4.7694135589e-01 0.0000000000e+00
1.3906250000e+00 1.3069865518e-01 2.6177677628e-02 3.6092318639e-01 4.7596741001e-01 0.0000000000e+00
1.3945312500e+00 1.2976866747e-01 2.5935788691e-02 3.6015081401e-01 4.7499703825e-01 0.0000000000e+00
1.3984375000e+00 1.2884520209e-01 2.5696110245e-02 3.5938001501e-01 4.7403022168e-01 0.0000000000e+00
1.4023437500e+00 1.2792821075e-01 2.5458621479e-02 3.5861078362e-01 4.7306694153e-01 0.0000000000e+00
1.4062500000e+00 1.2701764554e-01 2.5223301793e-02 3.5784311413e-01 4.7210717914e-01 0.0000000000e+00
1.4101562500e+00 1.2611345895e-01 2.4990130792e-02 3.5707700083e-01 4.7115091598e-01 0.0000000000e+00
1.4140625000e+00 1.2521560386e-01 2.4759088288e-02 3.5631243806e-01 4.7019813366e-01 0.0000000000e+00
1.4179687500e+00 1.2432403354e-01 2.4530154295e-02 3.5554942017e-01 4.6924881390e-01 0.0000000000e+00
1.4218750000e+00 1.2343870166e-01 2.4303309029e-02 3.5478794155e-01 4.6830293856e-01 0.0000000000e+00
1.4257812500e+00 1.2255956225e-01 2.4078532903e-02 3.5402799663e-01 4.6736048961e-01 0.0000000000e+00
1.4296875000e+00 1.2168656974e-01 2.3855806528e-02 3.5326957985e-01 4.6642144916e-01 0.0000000000e+00
1.4335937500e+00 1.2081967891e-01 2.3635110708e-02 3.5251268569e-01 4.6548579942e-01 0.0000000000e+00
1.4375000000e+00 1.1995884493e-01 2.3416426438e-02 3.5175730865e-01 4.6455352275e-01 0.0000000000e+00
1.4414062500e+00 1.1910402334e-01 2.3199734906e-02 3.5100344328e-01 4.6362460160e-01 0.0000000000e+00
1.4453125000e+00 1.1825517003e-01 2.2985017485e-02 3.5025108413e-01 4.6269901856e-01 0.0000000000e+00
1.4492187500e+00 1.1741224127e-01 2.2772255735e-02 3.4950022580e-01 4.6177675632e-01 0.0000000000e+00
1.4531250000e+00 1.1657519366e-01 2.2561431400e-02 3.4875086291e-01 4.6085779771e-01 0.0000000000e+00
1.4570312500e+00 1.1574398418e-01 2.2352526405e-02 3.4800299010e-01 4.5994212566e-01 0.0000000000e+00
1.4609375000e+00 1.1491857016e-01 2.2145522855e-02 3.4725660205e-01 4.5902972322e-01 0.0000000000e+00
1.4648437500e+00 1.1409890925e-01 2.1940403033e-02 3.4651169346e-01 4.5812057355e-01 0.0000000000e+00
1.4687500000e+00 1.1328495948e-01 2.1737149399e-02 3.4576825906e-01 4.5721465992e-01 0.0000000000e+00
1.4726562500e+00 1.1247667920e-01 2.1535744584e-02 3.4502629361e-01 4.5631196574e-01 0.0000000000e+00
1.4765625000e+00 1.1167402710e-01 2.1336171394e-02 3.4428579189e-01 4.5541247448e-01 0.0000000000e+00
1.4804687500e+00 1.1087696221e-01 2.1138412805e-02 3.4354674871e-01 4.5451616978e-01 0.0000000000e+00
1.4843750000e+00 1.1008544389e-01 2.0942451959e-02 3.4280915892e-01 4.5362303533e-01 0.0000000000e+00
1.4882812500e+00 1.0929943184e-01 2.0748272166e-02 3.4207301736e-01 4.5273305499e-01 0.0000000000e+00
1.4921875000e+00 1.0851888605e-01 2.0555856902e-02 3.4133831894e-01 4.5184621267e-01 0.0000000000e+00
1.4960937500e+00 1.0774376688e-01 2.0365189805e-02 3.4060505857e-01 4.5096249243e-01 0.0000000000e+00
1.5000000000e+00 1.0697403498e-01 2.0176254673e-02 3.3987323118e-01 4.5008187840e-01 0.0000000000e+00
1.5039062500e+00 1.0620965131e-01 1.9989035464e-02 3.3914283175e-01 4.4920435486e-01 0.0000000000e+00
1.5078125000e+00 1.0545057718e-01 1.9803516296e-02 3.3841385527e-01 4.4832990614e-01 0.0000000000e+00
1.5117187500e+00 1.0469677418e-01 1.9619681440e-02 3.3768629676e-01 4.4745851673e-01 0.0000000000e+00
1.5156250000e+00 1.0394820421e-01 1.9437515324e-02 3.3696015126e-01 4.4659017117e-01 0.0000000000e+00
1.5195312500e+00 1.0320482949e-01 1.9257002527e-02 3.3623541383e-01 4.4572485414e-01 0.0000000000e+00
1.5234375000e+00 1.0246661253e-01 1.9078127779e-02 3.3551207958e-01 4.4486255039e-01 0.0000000000e+00
1.5273437500e+00 1.0173351615e-01 1.8900875960e-02 3.3479014361e-01 4.4400324481e-01 0.0000000000e+00
1.5312500000e+00 1.0100550345e-01 1.8725232100e-02 3.3406960108e-01 4.4314692235e-01 0.0000000000e+00
1.5351562500e+00 1.0028253785e-01 1.8551181371e-02 3.3335044714e-01 4.4229356808e-01 0.0000000000e+00
1.5390625000e+00 9.9564583033e-02 1.8378709094e-02 3.3263267699e-01 4.4144316716e-01 0.0000000000e+00
1.5429687500e+00 9.8851602997e-02 1.8207800730e-02 3.3191628584e-01 4.4059570485e-01 0.0000000000e+00
1.5468750000e+00 9.8143562011e-02 1.8038441884e-02 3.3120126893e-01 4.3975116650e-01 0.0000000000e+00
1.5507812500e+00 9.7440424631e-02 1.7870618300e-02 3.3048762152e-01 4.3890953757e-01 0.0000000000e+00
1.5546875000e+00 9.6742155695e-02 1.7704315860e-02 3.2977533890e-01 4.3807080359e-01 0.0000000000e+00
1.5585937500e+00 9.6048720319e-02 1.7539520586e-02 3.2906441638e-01 4.3723495021e-01 0.0000000000e+00
1.5625000000e+00 9.5360083895e-02 1.7376218632e-02 3.2835484928e-01 4.3640196316e-01 0.0000000000e+00
1.5664062500e+00 9.4676212090e-02 1.7214396290e-02 3.2764663298e-01 4.3557182826e-01 0.0000000000e+00
1.5703125000e+00 9.3997070842e-02 1.7054039982e-02 3.2693976283e-01 4.3474453143e-01 0.0000000000e+00
1.5742187500e+00 9.3322626355e-02 1.6895136264e-02 3.2623423425e-01 4.3392005868e-01 0.0000000000e+00
1.5781250000e+00 9.2652845103e-02 1.6737671820e-02 3.2553004266e-01 4.3309839609e-01 0.0000000000e+00
1.5820312500e+00 9.1987693822e-02 1.6581633463e-02 3.2482718350e-01 4.3227952986e-01 0.0000000000e+00
1.5859375000e+00 9.1327139509e-02 1.6427008136e-02 3.2412565225e-01 4.3146344626e-01 0.0000000000e+00
1.5898437500e+00 9.0671149423e-02 1.6273782905e-02 3.2342544439e-01 4.3065013165e-01 0.0000000000e+00
1.5937500000e+00 9.0019691076e-02 1.6121944963e-02 3.2272655544e-01 4.2983957248e-01 0.0000000000e+00
1.5976562500e+00 8.9372732238e-02 1.5971481623e-02 3.2202898093e-01 4.2903175529e-01 0.0000000000e+00
1.6015625000e+00 8.8730240929e-02 1.5822380325e-02 3.2133271642e-01 4.2822666670e-01 0.0000000000e+00
1.6054687500e+00 8.8092185421e-02 1.5674628627e-02 3.2063775749e-01 4.2742429342e-01 0.0000000000e+00
1.6093750000e+00 8.7458534233e-02 1.5528214206e-02 3.1994409974e-01 4.2662462223e-01 0.0000000000e+00
1.6132812500e+00 8.6829256129e-02 1.5383124859e-02 3.1925173878e-01 4.2582764002e-01 0.0000000000e+00
1.6171875000e+00 8.6204320118e-02 1.5239348500e-02 3.1856067027e-01 4.2503333374e-01 0.0000000000e+00
1.6210937500e+00 8.5583695449e-02 1.5096873158e-02 3.1787088987e-01 4.2424169044e-01 0.0000000000e+00
1.6250000000e+00 8.4967351610e-02 1.4955686977e-02 3.1718239325e-01 4.2345269723e-01 0.0000000000e+00
1.6289062500e+00 8.4355258328e-02 1.4815778214e-02 3.1649517613e-01 4.2266634133e-01 0.0000000000e+00
1.6328125000e+00 8.3747385563e-02 1.4677135241e-02 3.1580923423e-01 4.2188261002e-01 0.0000000000e+00
1.6367187500e+00 8.3143703508e-02 1.4539746537e-02 3.1512456331e-01 4.2110149066e-01 0.0000000000e+00
1.6406250000e+00 8.2544182590e-02 1.4403600695e-02 3.1444115912e-01 4.2032297070e-01 0.0000000000e+00
1.6445312500e+00 8.1948793460e-02 1.4268686413e-02 3.1375901745e-01 4.1954703766e-01 0.0000000000e+00
1.6484375000e+00 8.1357506999e-02 1.4134992501e-02 3.1307813411e-01 4.1877367914e-01 0.0000000000e+00
1.6523437500e+00 8.0770294312e-02 1.4002507873e-02 3.1239850494e-01 4.1800288283e-01 0.0000000000e+00
1.6562500000e+00 8.0187126728e-02 1.3871221548e-02 3.1172012577e-01 4.1723463647e-01 0.0000000000e+00
1.6601562500e+00 7.9607975794e-02 1.3741122651e-02 3.1104299248e-01 4.1646892791e-01 0.0000000000e+00
1.6640625000e+00 7.9032813278e-02 1.3612200409e-02 3.1036710095e-01 4.1570574506e-01 0.0000000000e+00
1.6679687500e+00 7.8461611167e-02 1.3484444154e-02 3.0969244710e-01 4.1494507588e-01 0.0000000000e+00
1.6718750000e+00 7.7894341658e-02 1.3357843316e-02 3.0901902684e-01 4.1418690845e-01 0.0000000000e+00
1.6757812500e+00 7.7330977167e-02 1.3232387427e-02 3.0834683612e-01 4.1343123090e-01 0.0000000000e+00
1.6796875000e+00 7.6771490318e-02 1.3108066118e-02 3.0767587091e-01 4.1267803143e-01 0.0000000000e+00
1.6835937500e+00 7.6215853944e-02 1.2984869118e-02 3.0700612719e-01 4.1192729832e-01 0.0000000000e+00
1.6875000000e+00 7.5664041089e-02 1.2862786252e-02 3.0633760097e-01 4.1117901992e-01 0.0000000000e+00
1.6914062500e+00 7.5116025001e-02 1.2741807444e-02 3.0567028826e-01 4.1043318466e-01 0.0000000000e+00
1.6953125000e+00 7.4571779131e-02 1.2621922712e-02 3.0500418511e-01 4.0968978103e-01 0.0000000000e+00
1.6992187500e+00 7.4031277136e-02 1.2503122165e-02 3.0433928758e-01 4.0894879760e-01 0.0000000000e+00
1.7031250000e+00 7.3494492869e-02 1.2385396011e-02 3.0367559174e-01 4.0821022299e-01 0.0000000000e+00
1.7070312500e+00 7.2961400387e-02 1.2268734546e-02 3.0301309369e-01 4.0747404593e-01 0.0000000000e+00
1.7109375000e+00 7.2431973940e-02 1.2153128159e-02 3.0235178955e-01 4.0674025517e-01 0.0000000000e+00
1.7148437500e+00 7.1906187976e-02 1.2038567328e-02 3.0169167545e-01 4.0600883957e-01 0.0000000000e+00
1.7187500000e+00 7.1384017136e-02 1.1925042624e-02 3.0103274754e-01 4.0527978804e-01 0.0000000000e+00
1.7226562500e+00 7.0865436253e-02 1.1812544703e-02 3.0037500198e-01 4.0455308954e-01 0.0000000000e+00
1.7265625000e+00 7.0350420351e-02 1.1701064310e-02 2.9971843497e-01 4.0382873314e-01 0.0000000000e+00
1.7304687500e+00 6.9838944643e-02 1.1590592278e-02 2.9906304271e-01 4.0310670794e-01 0.0000000000e+00
1.7343750000e+00 6.9330984530e-02 1.1481119524e-02 2.9840882142e-01 4.0238700312e-01 0.0000000000e+00
1.7382812500e+00 6.8826515597e-02 1.1372637050e-02 2.9775576734e-01 4.0166960793e-01 0.0000000000e+00
1.7421875000e+00 6.8325513613e-02 1.1265135945e-02 2.9710387673e-01 4.0095451167e-01 0.0000000000e+00
1.7460937500e+00 6.7827954532e-02 1.1158607380e-02 2.9645314586e-01 4.0024170371e-01 0.0000000000e+00
1.7500000000e+00 6.7333814487e-02 1.1053042606e-02 2.9580357102e-01 3.9953117351e-01 0.0000000000e+00
1.7539062500e+00 6.6843069790e-02 1.0948432959e-02 2.9515514852e-01 3.9882291055e-01 0.0000000000e+00
1.7578125000e+00 6.6355696934e-02 1.0844769854e-02 2.9450787469e-01 3.9811690440e-01 0.0000000000e+00
1.7617187500e+00 6.5871672584e-02 1.0742044789e-02 2.9386174587e-01 3.9741314469e-01 0.0000000000e+00
1.7656250000e+00 6.5390973584e-02 1.0640249336e-02 2.9321675842e-01 3.9671162111e-01 0.0000000000e+00
1.7695312500e+00 6.4913576948e-02 1.0539375152e-02 2.9257290872e-01 3.9601232341e-01 0.0000000000e+00
1.7734375000e+00 6.4439459865e-02 1.0439413965e-02 2.9193019315e-01 3.9531524141e-01 0.0000000000e+00
1.7773437500e+00 6.3968599693e-02 1.0340357585e-02 2.9128860813e-01 3.9462036497e-01 0.0000000000e+00
1.7812500000e+00 6.3500973959e-02 1.0242197896e-02 2.9064815008e-01 3.9392768404e-01 0.0000000000e+00
1.7851562500e+00 6.3036560357e-02 1.0144926858e-02 2.9000881544e-01 3.9323718860e-01 0.0000000000e+00
1.7890625000e+00 6.2575336750e-02 1.0048536506e-02 2.8937060068e-01 3.9254886871e-01 0.0000000000e+00
1.7929687500e+00 6.2117281162e-02 9.9530189462e-03 2.8873350226e-01 3.9186271448e-01 0.0000000000e+00
1.7968750000e+00 6.1662371784e-02 9.8583663617e-03 2.8809751668e-01 3.9117871609e-01 0.0000000000e+00
1.8007812500e+00 6.1210586967e-02 9.7645710059e-03 2.8746264044e-01 3.9049686376e-01 0.0000000000e+00
1.8046875000e+00 6.0761905223e-02 9.6716252044e-03 2.8682887007e-01 3.8981714779e-01 0.0000000000e+00
1.8085937500e+00 6.0316305225e-02 9.5795213538e-03 2.8619620209e-01 3.8913955851e-01 0.0000000000e+00
1.8125000000e+00 5.9873765801e-02 9.4882519209e-03 2.8556463307e-01 3.8846408633e-01 0.0000000000e+00
1.8164062500e+00 5.9434265938e-02 9.3978094423e-03 2.8493415958e-01 3.8779072171e-01 0.0000000000e+00
1.8203125000e+00 5.8997784779e-02 9.3081865233e-03 2.8430477819e-01 3.8711945515e-01 0.0000000000e+00
1.8242187500e+00 5.8564301618e-02 9.2193758375e-03 2.8367648551e-01 3.8645027724e-01 0.0000000000e+00
1.8281250000e+00 5.8133795906e-02 9.1313701261e-03 2.8304927815e-01 3.8578317860e-01 0.0000000000e+00
1.8320312500e+00 5.7706247243e-02 9.0441621970e-03 2.8242315274e-01 3.8511814991e-01 0.0000000000e+00
1.8359375000e+00 5.7281635379e-02 8.9577449247e-03 2.8179810593e-01 3.8445518190e-01 0.0000000000e+00
1.8398437500e+00 5.6859940215e-02 8.8721112489e-03 2.8117413437e-01 3.8379426537e-01 0.0000000000e+00
1.8437500000e+00 5.6441141798e-02 8.7872541744e-03 2.8055123475e-01 3.8313539115e-01 0.0000000000e+00
1.8476562500e+00 5.6025220323e-02 8.7031667702e-03 2.7992940375e-01 3.8247855015e-01 0.0000000000e+00
1.8515625000e+00 5.5612156128e-02 8.6198421692e-03 2.7930863808e-01 3.8182373331e-01 0.0000000000e+00
1.8554687500e+00 5.5201929699e-02 8.5372735669e-03 2.7868893445e-01 3.8117093163e-01 0.0000000000e+00
1.8593750000e+00 5.4794521663e-02 8.4554542217e-03 2.7807028960e-01 3.8052013618e-01 0.0000000000e+00
1.8632812500e+00 5.4389912788e-02 8.3743774535e-03 2.7745270028e-01 3.7987133805e-01 0.0000000000e+00
1.8671875000e+00 5.3988083983e-02 8.2940366434e-03 2.7683616326e-01 3.7922452840e-01 0.0000000000e+00
1.8710937500e+00 5.3589016298e-02 8.2144252332e-03 2.7622067530e-01 3.7857969845e-01 0.0000000000e+00
1.8750000000e+00 5.3192690920e-02 8.1355367247e-03 2.7560623319e-01 3.7793683945e-01 0.0000000000e+00
1.8789062500e+00 5.2799089174e-02 8.0573646791e-03 2.7499283376e-01 3.7729594271e-01 0.0000000000e+00
1.8828125000e+00 5.2408192520e-02 7.9799027164e-03 2.7438047380e-01 3.7665699959e-01 0.0000000000e+00
1.8867187500e+00 5.2019982555e-02 7.9031445149e-03 2.7376915017e-01 3.7602000151e-01 0.0000000000e+00
1.8906250000e+00 5.1634441007e-02 7.8270838107e-03 2.7315885970e-01 3.7538493992e-01 0.0000000000e+00
1.8945312500e+00 5.1251549740e-02 7.7517143968e-03 2.7254959926e-01 3.7475180632e-01 0.0000000000e+00
1.8984375000e+00 5.0871290747e-02 7.6770301229e-03 2.7194136571e-01 3.7412059228e-01 0.0000000000e+00
1.9023437500e+00 5.0493646154e-02 7.6030248949e-03 2.7133415596e-01 3.7349128941e-01 0.0000000000e+00
1.9062500000e+00 5.0118598214e-02 7.5296926740e-03 2.7072796690e-01 3.7286388934e-01 0.0000000000e+00
1.9101562500e+00 4.9746129311e-02 7.4570274764e-03 2.7012279545e-01 3.7223838379e-01 0.0000000000e+00
1.9140625000e+00 4.9376221955e-02 7.3850233726e-03 2.6951863854e-01 3.7161476451e-01 0.0000000000e+00
1.9179687500e+00 4.9008858782e-02 7.3136744872e-03 2.6891549310e-01 3.7099302328e-01 0.0000000000e+00
1.9218750000e+00 4.8644022556e-02 7.2429749980e-03 2.6831335611e-01 3.7037315195e-01 0.0000000000e+00
1.9257812500e+00 4.8281696162e-02 7.1729191359e-03 2.6771222451e-01 3.6975514240e-01 0.0000000000e+00
1.9296875000e+00 4.7921862611e-02 7.1035011837e-03 2.6711209531e-01 3.6913898657e-01 0.0000000000e+00
1.9335937500e+00 4.7564505035e-02 7.0347154766e-03 2.6651296549e-01 3.6852467644e-01 0.0000000000e+00
1.9375000000e+00 4.7209606688e-02 6.9665564006e-03 2.6591483205e-01 3.6791220404e-01 0.0000000000e+00
1.9414062500e+00 4.6857150945e-02 6.8990183930e-03 2.6531769204e-01 3.6730156143e-01 0.0000000000e+00
1.9453125000e+00 4.6507121299e-02 6.8320959411e-03 2.6472154246e-01 3.6669274072e-01 0.0000000000e+00
1.9492187500e+00 4.6159501363e-02 6.7657835823e-03 2.6412638038e-01 3.6608573408e-01 0.0000000000e+00
1.9531250000e+00 4.5814274866e-02 6.7000759033e-03 2.6353220286e-01 3.6548053371e-01 0.0000000000e+00
1.9570312500e+00 4.5471425655e-02 6.6349675397e-03 2.6293900696e-01 3.6487713186e-01 0.0000000000e+00
1.9609375000e+00 4.5130937692e-02 6.5704531757e-03 2.6234678977e-01 3.6427552081e-01 0.0000000000e+00
1.9648437500e+00 4.4792795054e-02 6.5065275432e-03 2.6175554838e-01 3.6367569290e-01 0.0000000000e+00
1.9687500000e+00 4.4456981931e-02 6.4431854219e-03 2.6116527991e-01 3.6307764050e-01 0.0000000000e+00
1.9726562500e+00 4.4127723045e-02 6.3812187841e-03 2.6058349390e-01 3.4868523089e-01 0.0000000000e+00
1.9765625000e+00 4.3825219430e-02 6.3244096050e-03 2.6004629883e-01 3.0888973243e-01 0.0000000000e+00
1.9804687500e+00 4.3569685118e-02 6.2765126458e-03 2.5959048722e-01 2.4977765603e-01 0.0000000000e+00
1.9843750000e+00 4.3374150452e-02 6.2399187759e-03 2.5924043507e-01 1.8035151752e-01 0.0000000000e+00
1.9882812500e+00 4.3242672420e-02 6.2153407585e-03 2.5900443751e-01 1.1115209123e-01 0.0000000000e+00
1.9921875000e+00 4.3169845714e-02 6.2017364437e-03 2.5887350040e-01 5.2651391560e-02 0.0000000000e+00
1.9960937500e+00 4.3141649170e-02 6.1964710667e-03 2.5882276354e-01 1.3661353871e-02 0.0000000000e+00
2.0000000000e+00 4.3137519468e-02 6.1956999794e-03 2.5881533061e-01 0.0000000000e+00 0.0000000000e+00
